0
0
15
1
1
1
1
1
1
1
1
1
1
1
18
14
14
11
0
0
0
0
15
1
1
1
1
1
1
1
1
1
1
1
13
4
2
2
2
2
0
0
15
1
1
1
18
14
14
14
14
14
19
1
13
3
0
0
0
0
0
0
8
19
1
1
13
0
0
0
0
0
15
1
13
3
0
0
0
0
0
0
0
15
1
1
13
0
0
0
0
0
15
1
13
3
0
0
0
0
0
0
0
8
19
1
13
0
0
0
0
0
15
1
13
3
0
0
0
0
0
0
0
0
8
19
17
12
12
12
12
12
16
1
13
3
0
0
0
0
0
0
0
0
0
8
14
14
14
14
14
14
14
14
11
3
0
0
0
0
0
0
0
4
2
2
2
5
0
0
0
4
2
2
2
6
0
0
0
0
0
0
0
3
0
0
0
3
0
0
0
3
0
0
0
0
0
0
0
0
0
0
0
3
0
0
0
3
0
0
0
3
0
0
0
0
0
0
0
0
0
0
0
3
0
0
0
3
0
0
0
3
0
0
0
0
0
0
9
12
0
0
0
3
0
0
0
7
2
2
2
6
9
12
12
10
0
9
16
1
0
0
0
3
0
0
9
12
12
12
12
12
16
1
1
17
12
16
1
1
0
0
0
3
0
9
16
1
1
1
1
1
1
1
1
1
1
1
1
1
0
0
0
3
0
15
1
1
1
1
1
1
1
1
1
1
1
1
1
1
0
4
2
6
9
16
1
1
1
1
1
1
1
1
1
1
1
1
1
1
0
3
0
0
15
1
1
1
1
1
1
1
1
1
1
1
1
1
1
1
0
3
9
12
16
1
1
1
1
1
1
1
1
1
1
1
1
1
1
1
2
6
15
1
1
1
1
1
1
1
1
1
1
1
1
1
1
1
1
1
0
19
19
1
